# for i in xrange(120):
#    d=pylab.cm.gist_rainbow(i/120.,alpha=None,bytes=True)[:3]
#    print d[0],d[1],d[2]
255 0 40
255 0 30
255 0 19
255 0 8
255 1 0
255 12 0
255 23 0
255 34 0
255 50 0
255 61 0
255 72 0
255 82 0
255 93 0
255 104 0
255 115 0
255 131 0
255 142 0
255 153 0
255 164 0
255 174 0
255 185 0
255 196 0
255 207 0
255 223 0
255 234 0
255 245 0
254 255 0
243 255 0
232 255 0
221 255 0
205 255 0
194 255 0
183 255 0
172 255 0
162 255 0
151 255 0
140 255 0
129 255 0
113 255 0
102 255 0
91 255 0
81 255 0
70 255 0
59 255 0
48 255 0
32 255 0
21 255 0
10 255 0
0 255 0
0 255 10
0 255 21
0 255 32
0 255 43
0 255 59
0 255 69
0 255 80
0 255 91
0 255 102
0 255 112
0 255 123
0 255 139
0 255 150
0 255 161
0 255 172
0 255 182
0 255 193
0 255 204
0 255 215
0 255 231
0 255 241
0 255 252
0 246 255
0 235 255
0 224 255
0 213 255
0 197 255
0 186 255
0 175 255
0 164 255
0 154 255
0 143 255
0 132 255
0 121 255
0 105 255
0 94 255
0 83 255
0 72 255
0 61 255
0 50 255
0 39 255
0 23 255
0 12 255
0 1 255
8 0 255
19 0 255
30 0 255
41 0 255
52 0 255
68 0 255
79 0 255
90 0 255
101 0 255
112 0 255
123 0 255
133 0 255
150 0 255
161 0 255
172 0 255
182 0 255
193 0 255
204 0 255
215 0 255
226 0 255
242 0 255
253 0 255
255 0 245
255 0 234
255 0 223
255 0 212
255 0 202
